x,y,z,timestamp,label
0.7349700927734375,0.11248779296875,0.8087310791015625,1432990874134.366,Drive
0.53875732421875,0.1123809814453125,0.734039306640625,1432990874489.694,Drive
0.5224456787109375,0.108062744140625,0.646636962890625,1432990874620.418,Drive
0.588592529296875,0.085479736328125,0.83306884765625,1432990874717.562,Drive
0.6694488525390625,0.11328125,0.928619384765625,1432990874826.997,Drive
0.6479644775390625,0.147735595703125,0.8839874267578125,1432990874935.582,Drive
0.5323028564453125,0.0802764892578125,0.759490966796875,1432990875046.432,Drive
0.4796600341796875,0.0985565185546875,0.7465362548828125,1432990875158.49,Drive
0.44317626953125,0.1282196044921875,0.6653900146484375,1432990875246.921,Drive
0.5591888427734375,0.0808563232421875,0.7835235595703125,1432990875356.529,Drive
0.5625152587890625,0.1008453369140625,0.87744140625,1432990875487.35,Drive
0.6224365234375,0.1428985595703125,0.914764404296875,1432990875586.723,Drive
0.5700836181640625,0.1204681396484375,0.943084716796875,1432990875684.434,Drive
0.564605712890625,0.10443115234375,0.85888671875,1432990875794.424,Drive
0.5360260009765625,0.080169677734375,0.8515167236328125,1432990875893.424,Drive
0.456085205078125,0.081573486328125,0.7157440185546875,1432990875990.315,Drive
0.5717010498046875,0.123809814453125,0.803192138671875,1432990876101.477,Drive
0.624755859375,0.112396240234375,0.93060302734375,1432990876200.612,Drive
0.5133209228515625,0.055084228515625,0.6818695068359375,1432990876299.811,Drive
0.5320281982421875,0.021087646484375,0.9563751220703125,1432990876533.051,Drive
0.5207366943359375,0.0672760009765625,0.772003173828125,1432990876618.203,Drive
0.4867706298828125,0.0707244873046875,0.845611572265625,1432990876749.087,Drive
0.6593780517578125,0.0867767333984375,0.8375244140625,1432990876849.135,Drive
0.4762725830078125,0.0959320068359375,0.951904296875,1432990876948.745,Drive
0.439117431640625,0.1507568359375,0.805084228515625,1432990877074.191,Drive
0.5765838623046875,0.072998046875,0.8015594482421875,1432990877212.153,Drive
0.559967041015625,0.0855712890625,0.87158203125,1432990877311.081,Drive
0.6574249267578125,0.0962371826171875,0.82275390625,1432990877411.844,Drive
0.66064453125,0.0891876220703125,0.890380859375,1432990877512.12,Drive
0.6600341796875,0.053436279296875,0.7564849853515625,1432990877623.078,Drive
0.570770263671875,0.0364227294921875,0.85833740234375,1432990877722.743,Drive
0.5887298583984375,0.02716064453125,0.8343048095703125,1432990877820.425,Drive
0.635223388671875,0.0423431396484375,0.7383880615234375,1432990877931.883,Drive
0.60260009765625,-0.013824462890625,0.8758544921875,1432990878030.626,Drive
0.54071044921875,0.0541534423828125,0.7470550537109375,1432990878139.317,Drive
0.5654754638671875,-0.0051422119140625,0.7996978759765625,1432990878239.613,Drive
0.584930419921875,0.0486907958984375,0.873260498046875,1432990878339.984,Drive
0.62615966796875,0.063232421875,0.8926849365234375,1432990878449.175,Drive
0.6984100341796875,0.0107574462890625,0.7829437255859375,1432990878546.508,Drive
0.5312652587890625,0.04931640625,0.814361572265625,1432990878646.712,Drive
0.6436309814453125,0.01123046875,0.895233154296875,1432990878745.741,Drive
0.7425689697265625,0.0391998291015625,0.859100341796875,1432990878855.211,Drive
0.6814727783203125,0.06201171875,0.8968353271484375,1432990878954.494,Drive
0.534515380859375,0.032958984375,0.8125457763671875,1432990879062.542,Drive
0.49652099609375,0.0029754638671875,0.7883758544921875,1432990879162.57,Drive
0.453826904296875,0.02008056640625,0.6797637939453125,1432990879261.819,Drive
0.474517822265625,0.0424652099609375,0.861114501953125,1432990879373.493,Drive
0.5624542236328125,0.0241851806640625,0.7633056640625,1432990879473.127,Drive
0.625640869140625,0.035736083984375,0.81842041015625,1432990879574.555,Drive
0.556243896484375,0.03497314453125,0.777801513671875,1432990879684.035,Drive
0.50250244140625,0.04022216796875,0.7971649169921875,1432990879784.222,Drive
0.6987152099609375,0.030120849609375,0.80731201171875,1432990879892.517,Drive
0.7008819580078125,0.02691650390625,0.8739013671875,1432990879992.709,Drive
0.635040283203125,-0.00732421875,0.83349609375,1432990880092.287,Drive
0.582916259765625,0.067596435546875,0.84967041015625,1432990880189.496,Drive
0.6220550537109375,0.01861572265625,0.8213653564453125,1432990880290.147,Drive
0.5400238037109375,0.0293121337890625,0.843994140625,1432990880400.387,Drive
0.5709228515625,0.058868408203125,0.8102874755859375,1432990880499.629,Drive
0.6008453369140625,0.00286865234375,0.914886474609375,1432990880595.679,Drive
0.6336212158203125,0.101898193359375,0.856475830078125,1432990880707.117,Drive
0.690704345703125,0.0783538818359375,0.8314056396484375,1432990880806.268,Drive
0.58929443359375,-0.0201873779296875,0.78265380859375,1432990880905.242,Drive
0.5561676025390625,0.0276641845703125,0.7151947021484375,1432990881015.533,Drive
0.5423431396484375,0.009063720703125,0.92535400390625,1432990881113.411,Drive
0.511383056640625,0.00604248046875,0.840545654296875,1432990881223.684,Drive
0.6090850830078125,0.052947998046875,0.8766937255859375,1432990881322.36,Drive
0.5690460205078125,0.098114013671875,0.904022216796875,1432990881433.323,Drive
0.6480255126953125,-0.01763916015625,0.979583740234375,1432990881544.728,Drive
0.5984954833984375,0.01922607421875,0.9225921630859375,1432990881644.4,Drive
0.5323638916015625,0.052001953125,0.798736572265625,1432990881744.311,Drive
0.549285888671875,-0.0390472412109375,0.9080657958984375,1432990881844.027,Drive
0.6152191162109375,0.028228759765625,0.809417724609375,1432990881953.004,Drive
0.619842529296875,0.1004791259765625,0.8747711181640625,1432990882063.784,Drive
0.6544036865234375,0.01641845703125,0.9600067138671875,1432990882163.055,Drive
0.583221435546875,0.0409698486328125,0.8654327392578125,1432990882264.415,Drive
0.5524444580078125,-0.0101470947265625,0.84246826171875,1432990882388.867,Drive
0.6511993408203125,-0.0187225341796875,0.879852294921875,1432990882461.937,Drive
0.564697265625,-0.0082244873046875,0.8701324462890625,1432990882705.904,Drive
0.5182342529296875,0.0397186279296875,0.7828216552734375,1432990882801.909,Drive
0.6410369873046875,0.0449066162109375,0.8158111572265625,1432990882900.089,Drive
0.582733154296875,0.0679168701171875,0.783111572265625,1432990882955.967,Drive
0.662445068359375,-0.0297698974609375,0.851806640625,1432990883184.959,Drive
0.7060394287109375,0.0069427490234375,0.79974365234375,1432990883294.332,Drive
0.73809814453125,-0.0333099365234375,0.8622589111328125,1432990883404.444,Drive
0.7330169677734375,0.028289794921875,0.702392578125,1432990883513.799,Drive
0.6130218505859375,0.068145751953125,0.685943603515625,1432990883613.929,Drive
0.5989990234375,-0.0052337646484375,0.6771392822265625,1432990883725.056,Drive
0.5969085693359375,0.0240936279296875,0.642730712890625,1432990883833.818,Drive
0.6403656005859375,-0.0069122314453125,0.7935028076171875,1432990883933.691,Drive
0.6424713134765625,-0.0033416748046875,0.772979736328125,1432990884033.799,Drive
0.467620849609375,0.01312255859375,0.592041015625,1432990884146.883,Drive
0.6272430419921875,0.0303192138671875,0.8546905517578125,1432990884257.986,Drive
0.7101287841796875,0.006683349609375,0.783203125,1432990884358.349,Drive
0.6796722412109375,0.02459716796875,0.7854156494140625,1432990884455.576,Drive
0.59356689453125,0.0254669189453125,0.675933837890625,1432990884569.053,Drive
0.658935546875,-0.017486572265625,0.6393585205078125,1432990884664.135,Drive
0.74749755859375,-0.029205322265625,0.7205657958984375,1432990884771.89,Drive
0.6993408203125,0.0474700927734375,0.727020263671875,1432990884871.52,Drive
0.683441162109375,0.0274200439453125,0.7884063720703125,1432990884971.877,Drive
0.767578125,0.0279388427734375,0.6542510986328125,1432990885081.194,Drive
0.6343994140625,0.001007080078125,0.712127685546875,1432990885179.693,Drive
0.629547119140625,-0.0117645263671875,0.5692291259765625,1432990885292.121,Drive
0.7279205322265625,0.0257568359375,0.7257843017578125,1432990885388.912,Drive
0.7250823974609375,-0.007171630859375,0.7708740234375,1432990885500.401,Drive
0.719818115234375,0.0131988525390625,0.694366455078125,1432990885599.805,Drive
0.6538238525390625,-0.035980224609375,0.690185546875,1432990885708.585,Drive
0.7447052001953125,0.002716064453125,0.6587371826171875,1432990885808.659,Drive
0.705780029296875,-0.009490966796875,0.6863250732421875,1432990885917.239,Drive
0.7386322021484375,-0.0533447265625,0.7693939208984375,1432990886028.743,Drive
0.7227325439453125,0.0074920654296875,0.7022552490234375,1432990886126.677,Drive
0.73468017578125,0.006011962890625,0.6790771484375,1432990886226.58,Drive
0.7425384521484375,-0.043914794921875,0.6725921630859375,1432990886337.936,Drive
0.763702392578125,0.001678466796875,0.6953582763671875,1432990886562.879,Drive
0.5562896728515625,0.0465087890625,0.59381103515625,1432990886666.402,Drive
0.6374969482421875,0.004669189453125,0.609466552734375,1432990886765.282,Drive
0.70928955078125,-0.003509521484375,0.6257171630859375,1432990886866.29,Drive
0.7556610107421875,-0.0240631103515625,0.679656982421875,1432990886975.297,Drive
0.76983642578125,-0.0185699462890625,0.7836151123046875,1432990887076.087,Drive
0.8119659423828125,-0.0375518798828125,0.7014617919921875,1432990887186.404,Drive
0.5074310302734375,-0.0327301025390625,0.58624267578125,1432990887296.009,Drive
0.653228759765625,0.039642333984375,0.6996612548828125,1432990887394.832,Drive
0.76458740234375,0.0767669677734375,0.7459259033203125,1432990887504.455,Drive
0.58563232421875,-0.020965576171875,0.603546142578125,1432990887605.289,Drive
0.60772705078125,-0.0157470703125,0.695953369140625,1432990887703.974,Drive
0.7440032958984375,0.04925537109375,0.723114013671875,1432990887813.246,Drive
0.5441131591796875,0.0509796142578125,0.631683349609375,1432990887912.629,Drive
0.66998291015625,0.0305633544921875,0.692230224609375,1432990888012.447,Drive
0.7579803466796875,-0.01531982421875,0.7950897216796875,1432990888111.708,Drive
0.7257843017578125,-0.0133819580078125,0.7239532470703125,1432990888221.529,Drive
0.6716461181640625,0.0092620849609375,0.66888427734375,1432990888320.054,Drive
0.7287750244140625,0.0672454833984375,0.6698760986328125,1432990888418.795,Drive
0.6446075439453125,0.0809783935546875,0.703216552734375,1432990888531.756,Drive
0.729522705078125,0.07305908203125,0.6786651611328125,1432990888638.476,Drive
0.7233123779296875,-0.0211944580078125,0.700439453125,1432990888815.73,Drive
0.7843017578125,0.027252197265625,0.71820068359375,1432990888930.096,Drive
0.801177978515625,0.0650482177734375,0.7096099853515625,1432990889030.815,Drive
0.7364654541015625,0.1067962646484375,0.53289794921875,1432990889131.156,Drive
0.807220458984375,-0.0066680908203125,0.722747802734375,1432990889231.638,Drive
0.785888671875,-0.0174713134765625,0.7379913330078125,1432990889332.346,Drive
0.6100006103515625,-0.06378173828125,0.5827178955078125,1432990889432.521,Drive
0.607757568359375,0.009613037109375,0.652801513671875,1432990889543.285,Drive
0.70428466796875,0.0117950439453125,0.614776611328125,1432990889643.214,Drive
0.6046600341796875,0.0399169921875,0.618377685546875,1432990889742.229,Drive
0.620758056640625,0.1081695556640625,0.7857513427734375,1432990889852.801,Drive
0.82672119140625,-0.0560760498046875,0.7947998046875,1432990889952.193,Drive
0.714996337890625,0.0281829833984375,0.74700927734375,1432990890053.633,Drive
0.7502899169921875,0.071044921875,0.8112030029296875,1432990890161.749,Drive
0.69818115234375,-0.05352783203125,0.660919189453125,1432990890261.157,Drive
0.7005767822265625,-0.0126800537109375,0.6402435302734375,1432990890370.616,Drive
0.6988372802734375,0.0293426513671875,0.6361083984375,1432990890468.819,Drive
0.6275634765625,0.0482177734375,0.6393585205078125,1432990890568.609,Drive
0.7140655517578125,0.0057525634765625,0.70013427734375,1432990890669.794,Drive
0.6980743408203125,0.0441131591796875,0.6751556396484375,1432990890778.646,Drive
0.7264251708984375,0.0149383544921875,0.7874298095703125,1432990890879.974,Drive
0.72467041015625,-0.01416015625,0.7376251220703125,1432990890979.411,Drive
0.7528228759765625,0.040679931640625,0.6499481201171875,1432990891079.771,Drive
0.671173095703125,0.062347412109375,0.6236419677734375,1432990891179.093,Drive
0.689605712890625,-0.0075225830078125,0.6546630859375,1432990891292.347,Drive
0.8140869140625,0.011810302734375,0.7697906494140625,1432990891391.706,Drive
0.818328857421875,0.0716094970703125,0.643402099609375,1432990891492.615,Drive
0.7413330078125,0.0782928466796875,0.656402587890625,1432990891593.634,Drive
0.7420196533203125,0.060638427734375,0.7093048095703125,1432990891704.064,Drive
0.695770263671875,0.065032958984375,0.7532958984375,1432990891803.023,Drive
0.6614837646484375,0.0230255126953125,0.6832733154296875,1432990891903.344,Drive
0.703338623046875,0.053863525390625,0.70654296875,1432990892012.838,Drive
0.6867828369140625,0.0084381103515625,0.6222381591796875,1432990892111.067,Drive
0.654937744140625,0.030487060546875,0.65179443359375,1432990892210.644,Drive
0.722747802734375,0.0110931396484375,0.7765960693359375,1432990892321.238,Drive
0.6521148681640625,0.096099853515625,0.7023162841796875,1432990892419.77,Drive
0.71185302734375,0.0876007080078125,0.7535552978515625,1432990892545.406,Drive
0.6973724365234375,0.02130126953125,0.688934326171875,1432990892640.519,Drive
0.865386962890625,0.025848388671875,0.76007080078125,1432990892741.123,Drive
0.6989288330078125,0.05078125,0.6761322021484375,1432990892852.046,Drive
0.6173858642578125,0.0648345947265625,0.652801513671875,1432990892951.936,Drive
0.7293243408203125,0.0027618408203125,0.725921630859375,1432990893056.294,Drive
0.82110595703125,0.0283966064453125,0.7238616943359375,1432990893173.228,Drive
0.689483642578125,0.0242919921875,0.7768096923828125,1432990893271.922,Drive
0.868743896484375,0.0142669677734375,0.661376953125,1432990893372.306,Drive
0.7241668701171875,0.004241943359375,0.669036865234375,1432990893483.446,Drive
0.421539306640625,0.03900146484375,0.5879974365234375,1432990893581.478,Drive
0.744110107421875,0.02484130859375,0.6713409423828125,1432990893681.93,Drive
0.6889495849609375,0.047454833984375,0.70330810546875,1432990893782.362,Drive
0.7537994384765625,0.012298583984375,0.77532958984375,1432990893882.841,Drive
0.767578125,-0.01812744140625,0.727813720703125,1432990893994.182,Drive
0.72698974609375,0.03515625,0.7081298828125,1432990894094.417,Drive
0.78948974609375,0.038848876953125,0.834686279296875,1432990894193.503,Drive
0.68194580078125,0.0629730224609375,0.6150665283203125,1432990894304.829,Drive
0.73944091796875,0.0183868408203125,0.5881195068359375,1432990894404.801,Drive
0.8365936279296875,0.0431365966796875,0.70361328125,1432990894502.793,Drive
0.782440185546875,0.074432373046875,0.5555267333984375,1432990894613.649,Drive
0.766082763671875,0.02655029296875,0.7011566162109375,1432990894713.202,Drive
0.7842254638671875,-0.015625,0.633270263671875,1432990894823.635,Drive
0.8748626708984375,0.0251312255859375,0.6184234619140625,1432990894923.083,Drive
0.853485107421875,0.019989013671875,0.62774658203125,1432990895023.991,Drive
0.6834869384765625,0.0455474853515625,0.5955963134765625,1432990895255.46,Drive
0.7104339599609375,0.01141357421875,0.5885009765625,1432990895366.117,Drive
0.857696533203125,-0.00592041015625,0.7228546142578125,1432990895478.475,Drive
0.761077880859375,0.0681610107421875,0.6451263427734375,1432990895596.825,Drive
0.6711578369140625,0.052032470703125,0.64129638671875,1432990895698.696,Drive
0.71173095703125,0.0165863037109375,0.6334991455078125,1432990895798.239,Drive
0.7943267822265625,0.039947509765625,0.6714019775390625,1432990895899.013,Drive
0.7366790771484375,-0.0099029541015625,0.620452880859375,1432990896000.092,Drive
0.7002716064453125,-0.0311279296875,0.6129150390625,1432990896103.581,Drive
0.726318359375,-0.0232391357421875,0.6956329345703125,1432990896210.762,Drive
0.7826995849609375,0.0243377685546875,0.612518310546875,1432990896310.721,Drive
0.7619781494140625,0.000885009765625,0.51727294921875,1432990896410.707,Drive
0.745513916015625,-0.0232086181640625,0.5522308349609375,1432990896519.373,Drive
0.737640380859375,0.018157958984375,0.6575469970703125,1432990896619.524,Drive
0.832916259765625,0.000701904296875,0.7545928955078125,1432990896718.882,Drive
0.761260986328125,0.0173492431640625,0.6316375732421875,1432990896829.33,Drive
0.834228515625,0.0032196044921875,0.7223052978515625,1432990896929.774,Drive
0.7228240966796875,0.0723419189453125,0.5914459228515625,1432990897028.144,Drive
0.7125396728515625,0.0421142578125,0.6070098876953125,1432990897137.653,Drive
0.6918792724609375,0.064453125,0.5927734375,1432990897235.884,Drive
0.6841583251953125,0.0598602294921875,0.596527099609375,1432990897335.28,Drive
0.742767333984375,0.021881103515625,0.46685791015625,1432990897446.393,Drive
0.844329833984375,0.0186614990234375,0.66473388671875,1432990897545.993,Drive
0.9044952392578125,0.0701751708984375,0.5053558349609375,1432990897646.007,Drive
0.8712615966796875,0.002410888671875,0.6311492919921875,1432990897755.683,Drive
0.9492034912109375,0.0023040771484375,0.608367919921875,1432990897855.991,Drive
0.8626861572265625,0.039825439453125,0.7188720703125,1432990897956.8,Drive
0.8467864990234375,0.0538177490234375,0.64801025390625,1432990898057.243,Drive
0.8477630615234375,0.0959625244140625,0.65960693359375,1432990898168.681,Drive
0.796112060546875,0.0588531494140625,0.65374755859375,1432990898278.082,Drive
0.78582763671875,0.0662689208984375,0.608489990234375,1432990898378.531,Drive
0.719757080078125,0.0791168212890625,0.5933074951171875,1432990898478.924,Drive
0.8058929443359375,0.1252288818359375,0.6233367919921875,1432990898579.653,Drive
0.746795654296875,0.0747222900390625,0.6937103271484375,1432990898678.243,Drive
0.8912506103515625,0.0810546875,0.699737548828125,1432990898779.207,Drive
0.7770843505859375,0.1256103515625,0.5953216552734375,1432990898890.698,Drive
0.721038818359375,0.0919952392578125,0.5472869873046875,1432990898990.285,Drive
0.7852325439453125,0.134552001953125,0.55047607421875,1432990899099.477,Drive
0.791168212890625,0.1444091796875,0.6875152587890625,1432990899203.935,Drive
0.8476104736328125,0.1166839599609375,0.72113037109375,1432990899308.581,Drive
0.677642822265625,0.140411376953125,0.6058349609375,1432990899406.772,Drive
0.762725830078125,0.069488525390625,0.588409423828125,1432990899506.323,Drive
0.5290069580078125,0.100830078125,0.5147247314453125,1432990899606.882,Drive
0.783935546875,0.0962677001953125,0.6386566162109375,1432990899707.038,Drive
0.73089599609375,0.0980987548828125,0.6052093505859375,1432990899817.445,Drive
0.8392181396484375,0.0676422119140625,0.7700958251953125,1432990899916.533,Drive
0.7801666259765625,0.025177001953125,0.50091552734375,1432990900017.025,Drive
0.685699462890625,0.03033447265625,0.5154876708984375,1432990900118.192,Drive
0.7878570556640625,0.16455078125,0.6873626708984375,1432990900226.115,Drive
0.657684326171875,0.084228515625,0.5801849365234375,1432990900326.631,Drive
0.75933837890625,0.1731719970703125,0.6231231689453125,1432990900427.041,Drive
0.82373046875,0.0512847900390625,0.629913330078125,1432990900527.784,Drive
0.851531982421875,0.0550079345703125,0.4935302734375,1432990900629.177,Drive
0.7156524658203125,0.0542449951171875,0.4896240234375,1432990900739.147,Drive
0.6446380615234375,0.0687103271484375,0.7208709716796875,1432990900839.827,Drive
0.776611328125,0.0921630859375,0.6884002685546875,1432990900939.613,Drive
0.8522186279296875,0.1255340576171875,0.5656280517578125,1432990901040.601,Drive
0.7357025146484375,0.06591796875,0.7424163818359375,1432990901149.511,Drive
0.705657958984375,0.0975799560546875,0.6858673095703125,1432990901249.293,Drive
0.646209716796875,0.1884765625,0.5589599609375,1432990901356.57,Drive
0.7722320556640625,0.0534210205078125,0.6297760009765625,1432990901456.527,Drive
0.764373779296875,0.039581298828125,0.6609649658203125,1432990901556.767,Drive
0.8074493408203125,0.063568115234375,0.6725616455078125,1432990901655.916,Drive
0.8866119384765625,0.094940185546875,0.7406768798828125,1432990901767.706,Drive
0.86090087890625,0.0868072509765625,0.6315460205078125,1432990901867.401,Drive
0.5677490234375,0.140350341796875,0.5398712158203125,1432990901978.496,Drive
0.77166748046875,0.0494842529296875,0.52215576171875,1432990902078.817,Drive
0.7672576904296875,0.0575408935546875,0.553314208984375,1432990902179.087,Drive
0.7925872802734375,0.0875091552734375,0.7396392822265625,1432990902277.51,Drive
0.7624664306640625,0.0883636474609375,0.65972900390625,1432990902388.225,Drive
0.6941680908203125,0.095001220703125,0.5966033935546875,1432990902489.119,Drive
0.7571563720703125,0.113311767578125,0.657562255859375,1432990902588.417,Drive
0.772796630859375,0.0612945556640625,0.6532440185546875,1432990902700.111,Drive
0.5882110595703125,0.0405120849609375,0.450714111328125,1432990902800.866,Drive
0.55340576171875,0.1007232666015625,0.7471160888671875,1432990902900.657,Drive
0.676666259765625,0.1134490966796875,0.488525390625,1432990902999.716,Drive
0.7413482666015625,0.0933380126953125,0.630889892578125,1432990903100.882,Drive
0.8355560302734375,0.113372802734375,0.8402557373046875,1432990903190.245,Drive
0.7743377685546875,0.0681610107421875,0.674774169921875,1432990903310.653,Drive
0.6471099853515625,0.1038360595703125,0.700225830078125,1432990903407.494,Drive
0.5552520751953125,0.0745391845703125,0.7159576416015625,1432990903518.011,Drive
0.7009124755859375,0.063720703125,0.731903076171875,1432990903617.252,Drive
0.482421875,0.1244354248046875,0.4754638671875,1432990903741.851,Drive
0.5675811767578125,0.1083831787109375,0.685760498046875,1432990903837.962,Drive
0.706878662109375,0.0833892822265625,0.6076812744140625,1432990903938.54,Drive
0.7494049072265625,0.09185791015625,0.6907501220703125,1432990904039.562,Drive
0.8700714111328125,0.036224365234375,0.7581787109375,1432990904152.589,Drive
0.7430572509765625,0.07171630859375,0.7660369873046875,1432990904261.063,Drive
0.6979217529296875,0.0189666748046875,0.6478729248046875,1432990904360.736,Drive
0.7001953125,0.034637451171875,0.59600830078125,1432990904459.765,Drive
0.719024658203125,0.03564453125,0.64337158203125,1432990904559.966,Drive
0.5377960205078125,0.0890350341796875,0.691070556640625,1432990904659.978,Drive
0.835693359375,0.0451202392578125,0.61456298828125,1432990904771.749,Drive
0.7128143310546875,0.1203765869140625,0.7817840576171875,1432990904873.058,Drive
0.6605072021484375,0.0484619140625,0.6439971923828125,1432990904972.612,Drive
0.73681640625,0.064971923828125,0.6514739990234375,1432990905073.038,Drive
0.7102508544921875,0.0341339111328125,0.5678558349609375,1432990905172.406,Drive
0.724395751953125,0.0219268798828125,0.62200927734375,1432990905283.807,Drive
0.6660919189453125,0.0794677734375,0.6948699951171875,1432990905380.143,Drive
0.70758056640625,0.0732269287109375,0.6458892822265625,1432990905479.76,Drive
0.7705078125,0.0099945068359375,0.6807861328125,1432990905590.246,Drive
0.6157379150390625,0.08880615234375,0.75048828125,1432990905689.538,Drive
0.57366943359375,0.1078948974609375,0.7465667724609375,1432990905799.892,Drive
0.632843017578125,0.0457305908203125,0.68841552734375,1432990905899.756,Drive
0.6828155517578125,-0.0120697021484375,0.6613616943359375,1432990905999.514,Drive
0.847869873046875,-0.0328521728515625,0.776580810546875,1432990906100.518,Drive
0.7035064697265625,0.0358123779296875,0.7203369140625,1432990906199.558,Drive
0.7745513916015625,0.0661163330078125,0.66107177734375,1432990906299.877,Drive
0.697235107421875,0.090789794921875,0.752227783203125,1432990906410.273,Drive
0.7245330810546875,0.0037841796875,0.719940185546875,1432990906510.318,Drive
0.555145263671875,0.0388946533203125,0.7826385498046875,1432990906610.844,Drive
0.7793731689453125,0.0227203369140625,0.7308197021484375,1432990906710.308,Drive
0.646209716796875,0.0212860107421875,0.6663360595703125,1432990906818.91,Drive
0.7041015625,-0.0070037841796875,0.740081787109375,1432990906919.21,Drive
0.691070556640625,0.0191650390625,0.652618408203125,1432990907020.129,Drive
0.7082366943359375,0.0341033935546875,0.654876708984375,1432990907120.632,Drive
0.674285888671875,0.0676116943359375,0.6784515380859375,1432990907221.065,Drive
0.7772369384765625,0.0558929443359375,0.6944427490234375,1432990907321.267,Drive
0.7323760986328125,0.056396484375,0.549652099609375,1432990907430.546,Drive
0.804901123046875,0.06036376953125,0.7292633056640625,1432990907530.163,Drive
0.550994873046875,0.0967254638671875,0.6316375732421875,1432990907629.338,Drive
0.5676727294921875,0.09686279296875,0.777801513671875,1432990907738.534,Drive
0.64495849609375,0.091033935546875,0.6581573486328125,1432990907838.664,Drive
0.7506561279296875,0.045623779296875,0.6606292724609375,1432990907938.949,Drive
0.7150115966796875,0.0449676513671875,0.799774169921875,1432990908048.716,Drive
0.769317626953125,0.027130126953125,0.671875,1432990908148.649,Drive
0.6350250244140625,0.092529296875,0.5943450927734375,1432990908248.756,Drive
0.6747589111328125,0.0708465576171875,0.7146759033203125,1432990908358.629,Drive
0.8211669921875,-0.0025482177734375,0.6887969970703125,1432990908459.202,Drive
0.8667449951171875,0.0385284423828125,0.788421630859375,1432990908560.193,Drive
0.800628662109375,0.028106689453125,0.650054931640625,1432990908660.085,Drive
0.619476318359375,0.0770416259765625,0.539276123046875,1432990908737.795,Drive
0.74041748046875,0.0491180419921875,0.699554443359375,1432990908944.599,Drive
0.7191925048828125,0.048553466796875,0.690277099609375,1432990909053.973,Drive
0.719879150390625,0.0345001220703125,0.8165740966796875,1432990909237.928,Drive
0.6604461669921875,0.0317230224609375,0.59515380859375,1432990909348.771,Drive
0.5978851318359375,0.024871826171875,0.7220001220703125,1432990909458.817,Drive
0.590667724609375,0.0874786376953125,0.6569976806640625,1432990909558.4,Drive
0.7209014892578125,0.0344390869140625,0.8116912841796875,1432990909668.397,Drive
0.8022613525390625,0.0151824951171875,0.698089599609375,1432990909766.567,Drive
0.7465972900390625,0.0505828857421875,0.667388916015625,1432990909869.215,Drive
0.74346923828125,0.04058837890625,0.620391845703125,1432990909966.089,Drive
0.65283203125,0.0128173828125,0.693878173828125,1432990910075.087,Drive
0.720977783203125,0.0175628662109375,0.7510986328125,1432990910174.281,Drive
0.6746063232421875,0.00164794921875,0.6777801513671875,1432990910275.199,Drive
0.6130218505859375,0.0568389892578125,0.7035980224609375,1432990910373.52,Drive
0.6368255615234375,0.0915374755859375,0.6883087158203125,1432990910473.874,Drive
0.7732086181640625,0.10943603515625,0.78314208984375,1432990910585.516,Drive
0.692291259765625,0.090972900390625,0.75897216796875,1432990910686.05,Drive
0.7651214599609375,0.063262939453125,0.641326904296875,1432990910786.088,Drive
0.6406097412109375,0.0623321533203125,0.7423095703125,1432990910885.293,Drive
0.5802154541015625,0.057281494140625,0.7674560546875,1432990910993.194,Drive
0.6719207763671875,0.027557373046875,0.7773895263671875,1432990911090.705,Drive
0.7002410888671875,0.0896759033203125,0.7454681396484375,1432990911199.507,Drive
0.6817779541015625,0.0789947509765625,0.6844482421875,1432990911298.793,Drive
0.702880859375,0.032440185546875,0.8592529296875,1432990911409.936,Drive
0.69439697265625,0.0532989501953125,0.725921630859375,1432990911508.894,Drive
0.674560546875,0.03338623046875,0.7911376953125,1432990911607.8,Drive
0.6753997802734375,0.022308349609375,0.7393341064453125,1432990911718.676,Drive
0.67059326171875,0.01580810546875,0.7461090087890625,1432990911817.408,Drive
0.4609222412109375,0.0544891357421875,0.59954833984375,1432990911917.076,Drive
0.6009521484375,0.0800628662109375,0.7022552490234375,1432990912027.343,Drive
0.6709747314453125,0.05108642578125,0.7381591796875,1432990912127.995,Drive
0.6905670166015625,0.0605926513671875,0.8715972900390625,1432990912227.968,Drive
0.76019287109375,0.0698699951171875,0.7165069580078125,1432990912328.235,Drive
0.705108642578125,0.1159210205078125,0.702423095703125,1432990912427.783,Drive
0.6618194580078125,0.0873870849609375,0.715301513671875,1432990912538.943,Drive
0.578887939453125,0.05413818359375,0.6402587890625,1432990912639.091,Drive
0.6505279541015625,0.101318359375,0.7443389892578125,1432990912739.605,Drive
0.76300048828125,0.0840301513671875,0.70477294921875,1432990912840.202,Drive
0.6795196533203125,0.0333251953125,0.7012176513671875,1432990913052.551,Drive
0.818328857421875,0.0122222900390625,0.8197784423828125,1432990913147.674,Drive
0.659393310546875,0.0839385986328125,0.841461181640625,1432990913246.69,Drive
0.7717437744140625,0.04791259765625,0.842071533203125,1432990913360.072,Drive
0.577484130859375,0.04803466796875,0.6040496826171875,1432990913422.88,Drive
0.563262939453125,0.1185455322265625,0.5457305908203125,1432990913555.267,Drive
0.773956298828125,0.0842132568359375,0.84197998046875,1432990913677.205,Drive
0.8358917236328125,0.0286712646484375,0.7848358154296875,1432990913777.249,Drive
0.6228485107421875,0.073333740234375,0.7487335205078125,1432990913878.497,Drive
0.6346893310546875,0.0796356201171875,0.641357421875,1432990913978.377,Drive
0.70526123046875,0.0915985107421875,0.5665283203125,1432990914078.082,Drive
0.705841064453125,0.1499786376953125,0.66802978515625,1432990914185.975,Drive
0.760284423828125,0.1111907958984375,0.6429595947265625,1432990914287.032,Drive
0.7460784912109375,0.1656494140625,0.609161376953125,1432990914387.577,Drive
0.7940673828125,0.110443115234375,0.740570068359375,1432990914487.013,Drive
0.781341552734375,0.125885009765625,0.7255401611328125,1432990914587.311,Drive
0.8367156982421875,0.0721893310546875,0.6467437744140625,1432990914697.349,Drive
0.7573394775390625,0.0502777099609375,0.6627197265625,1432990914796.662,Drive
0.80206298828125,0.023834228515625,0.7010040283203125,1432990914896.772,Drive
0.6812744140625,0.0579071044921875,0.67864990234375,1432990915006.466,Drive
0.7247772216796875,0.0316619873046875,0.7354736328125,1432990915109.68,Drive
0.7281341552734375,0.08001708984375,0.7020721435546875,1432990915218.722,Drive
0.771392822265625,-0.0078125,0.7161102294921875,1432990915316.729,Drive
0.7884368896484375,0.0955047607421875,0.6681060791015625,1432990915432.833,Drive
0.6193695068359375,0.076019287109375,0.6302642822265625,1432990915536.689,Drive
0.7776031494140625,0.05810546875,0.821624755859375,1432990915636.939,Drive
0.6569061279296875,0.0605316162109375,0.600830078125,1432990915736.84,Drive
0.7273101806640625,0.01043701171875,0.7219085693359375,1432990915837.303,Drive
0.814422607421875,0.039886474609375,0.6160736083984375,1432990915942.578,Drive
0.7478485107421875,0.0382232666015625,0.583343505859375,1432990916037.227,Drive
0.718719482421875,0.0453033447265625,0.653106689453125,1432990916147.574,Drive
0.558624267578125,0.04693603515625,0.6408233642578125,1432990916248.673,Drive
0.71539306640625,0.05419921875,0.67254638671875,1432990916349.576,Drive
0.62152099609375,0.1216278076171875,0.7005767822265625,1432990916452.36,Drive
0.7067413330078125,0.059814453125,0.7369232177734375,1432990916546.598,Drive
0.725067138671875,0.0762939453125,0.8018341064453125,1432990916658.538,Drive
0.80157470703125,0.03363037109375,0.72540283203125,1432990916757.807,Drive
0.7650604248046875,0.04071044921875,0.6815338134765625,1432990916858.527,Drive
0.851287841796875,0.049285888671875,0.6833648681640625,1432990916962.453,Drive
0.6287841796875,0.0283660888671875,0.57000732421875,1432990917056.039,Drive
0.657684326171875,0.0559844970703125,0.6243438720703125,1432990917168.32,Drive
0.7412261962890625,0.02447509765625,0.911956787109375,1432990917267.691,Drive
0.8110198974609375,-0.01324462890625,0.7404632568359375,1432990917376.545,Drive
0.588165283203125,0.0310211181640625,0.5525054931640625,1432990917476.45,Drive
0.6133575439453125,0.007781982421875,0.673492431640625,1432990917575.751,Drive
0.540069580078125,0.04730224609375,0.729461669921875,1432990917675.941,Drive
0.687835693359375,-0.0002593994140625,0.709381103515625,1432990917785.204,Drive
0.7113037109375,0.0027008056640625,0.772491455078125,1432990917885.713,Drive
0.6386871337890625,0.028778076171875,0.6338348388671875,1432990917986.508,Drive
0.8022003173828125,0.00018310546875,0.726531982421875,1432990918086.781,Drive
0.878753662109375,0.0396881103515625,0.8366241455078125,1432990918198.682,Drive
0.8029632568359375,0.0919647216796875,0.91986083984375,1432990918308.01,Drive
0.8871307373046875,0.043853759765625,0.699798583984375,1432990918407.493,Drive
0.668487548828125,0.0407257080078125,0.5571441650390625,1432990918506.892,Drive
0.6379547119140625,0.016510009765625,0.5526580810546875,1432990918617.608,Drive
0.6701202392578125,0.0709075927734375,0.6167144775390625,1432990918717.793,Drive
0.723876953125,0.0270538330078125,0.656219482421875,1432990918818.139,Drive
0.7282562255859375,0.085418701171875,0.764678955078125,1432990918921.648,Drive
0.6079254150390625,0.08740234375,0.5947723388671875,1432990919030.02,Drive
0.742645263671875,0.051513671875,0.7514190673828125,1432990919129.218,Drive
0.6919403076171875,-0.00897216796875,0.705596923828125,1432990919228.891,Drive
0.6723785400390625,-0.0016937255859375,0.625885009765625,1432990919340.081,Drive
0.6775360107421875,0.012054443359375,0.5780029296875,1432990919438.286,Drive
0.8576812744140625,0.0146484375,0.7726593017578125,1432990919548.95,Drive
0.6259307861328125,0.1117095947265625,0.674285888671875,1432990919647.914,Drive
0.761962890625,0.069854736328125,0.8134307861328125,1432990919747.69,Drive
0.69476318359375,0.0369720458984375,0.7201385498046875,1432990919858.124,Drive
0.7200469970703125,0.078582763671875,0.73126220703125,1432990919958.524,Drive
0.611175537109375,0.124267578125,0.749267578125,1432990920055.77,Drive
0.5637054443359375,0.0908660888671875,0.552703857421875,1432990920155.822,Drive
0.7471771240234375,0.0547637939453125,0.61260986328125,1432990920256.685,Drive
0.6439361572265625,0.0525360107421875,0.724822998046875,1432990920368.213,Drive
0.6445159912109375,0.0857696533203125,0.70318603515625,1432990920468.018,Drive
0.8963165283203125,0.007659912109375,0.639495849609375,1432990920654.055,Drive
0.6643218994140625,0.00811767578125,0.63348388671875,1432990920753.642,Drive
0.736785888671875,-0.001800537109375,0.7603302001953125,1432990920854.253,Drive
0.667755126953125,0.032745361328125,0.7127227783203125,1432990920954.447,Drive
0.779144287109375,0.0623016357421875,0.7688140869140625,1432990921055.334,Drive
0.7337188720703125,0.0893402099609375,0.78826904296875,1432990921155.768,Drive
0.5652008056640625,0.100341796875,0.73565673828125,1432990921256.832,Drive
0.6893463134765625,0.0518341064453125,0.6631927490234375,1432990921367.804,Drive
0.7845916748046875,0.07110595703125,0.705291748046875,1432990921465.981,Drive
0.684814453125,0.11724853515625,0.6921844482421875,1432990921563.443,Drive
0.6733245849609375,0.128631591796875,0.6605682373046875,1432990921674.219,Drive
0.5957489013671875,0.089996337890625,0.6336212158203125,1432990921774.831,Drive
0.6790771484375,0.091094970703125,0.64617919921875,1432990921874.629,Drive
0.841583251953125,0.12542724609375,0.7229461669921875,1432990921974.138,Drive
0.5113983154296875,0.1818389892578125,0.6392364501953125,1432990922084.621,Drive
0.631683349609375,0.144561767578125,0.6263427734375,1432990922183.667,Drive
0.6484832763671875,0.0694580078125,0.803131103515625,1432990922284.175,Drive
0.746337890625,0.092987060546875,0.7024078369140625,1432990922383.605,Drive
0.638916015625,0.062957763671875,0.800994873046875,1432990922495.414,Drive
0.60418701171875,0.1172027587890625,0.696319580078125,1432990922592.959,Drive
0.688507080078125,0.0028076171875,0.7299346923828125,1432990922692.387,Drive
0.8103790283203125,0.1262359619140625,0.7330169677734375,1432990922803.779,Drive
0.6329498291015625,0.033538818359375,0.6180267333984375,1432990922903.29,Drive
0.742431640625,0.019683837890625,0.8200531005859375,1432990923003.698,Drive
0.7512359619140625,0.0785980224609375,0.8014068603515625,1432990923103.749,Drive
0.825714111328125,0.0237884521484375,0.7513885498046875,1432990923213.276,Drive
0.763214111328125,0.0847930908203125,0.6852264404296875,1432990923314.26,Drive
0.681671142578125,0.1109161376953125,0.72247314453125,1432990923414.02,Drive
0.7492218017578125,0.1481781005859375,0.777587890625,1432990923515.571,Drive
0.61602783203125,0.04931640625,0.62835693359375,1432990923611.667,Drive
0.7238006591796875,0.139739990234375,0.643035888671875,1432990923712.63,Drive
0.58221435546875,0.0647125244140625,0.7508392333984375,1432990923824.196,Drive
0.708770751953125,0.1485443115234375,0.9117279052734375,1432990923924.929,Drive
0.6807861328125,0.03656005859375,0.83526611328125,1432990924024.972,Drive
0.6643829345703125,0.1092681884765625,0.709381103515625,1432990924134.639,Drive
0.7596588134765625,0.00177001953125,0.7891998291015625,1432990924233.805,Drive
0.7286834716796875,0.0081787109375,0.691619873046875,1432990924333.615,Drive
0.672698974609375,0.0192413330078125,0.807769775390625,1432990924444.759,Drive
0.73394775390625,-0.03363037109375,0.724212646484375,1432990924544.12,Drive
0.7012786865234375,0.025787353515625,0.76141357421875,1432990924654.24,Drive
0.7574005126953125,0.0668792724609375,0.79278564453125,1432990924753.296,Drive
0.6714019775390625,0.131500244140625,0.6546478271484375,1432990924854.051,Drive
0.656463623046875,0.1526947021484375,0.732513427734375,1432990924953.375,Drive
0.5836334228515625,0.118743896484375,0.7075958251953125,1432990925053.535,Drive
0.6323089599609375,0.123199462890625,0.6900482177734375,1432990925164.085,Drive
0.7810516357421875,0.0529022216796875,0.7874755859375,1432990925262.734,Drive
0.727081298828125,0.0385589599609375,0.8558349609375,1432990925363.306,Drive
0.69207763671875,0.0864410400390625,0.7844390869140625,1432990925464.249,Drive
0.7706298828125,0.08355712890625,0.959320068359375,1432990925573.571,Drive
0.656402587890625,0.02386474609375,0.9443817138671875,1432990925672.127,Drive
0.7680206298828125,0.0655975341796875,0.8791046142578125,1432990925783.631,Drive
0.637115478515625,-0.0111236572265625,0.7474517822265625,1432990925884.017,Drive
0.633697509765625,0.029815673828125,0.724700927734375,1432990925985.198,Drive
0.737060546875,0.0457916259765625,0.7415618896484375,1432990926085.519,Drive
0.4814300537109375,0.0697784423828125,0.6459197998046875,1432990926185.694,Drive
0.7444000244140625,0.08050537109375,0.8834381103515625,1432990926294.507,Drive
0.5346527099609375,0.0996551513671875,0.69488525390625,1432990926393.574,Drive
0.8127593994140625,0.1236724853515625,0.862213134765625,1432990926494.133,Drive
0.5067291259765625,0.061492919921875,0.7355194091796875,1432990926594.475,Drive
0.5019073486328125,0.0043182373046875,0.7425079345703125,1432990926703.786,Drive
0.76849365234375,-0.0334320068359375,0.918670654296875,1432990926803.759,Drive
0.53326416015625,0.0267791748046875,0.764617919921875,1432990926902.704,Drive
0.6441497802734375,-0.0604095458984375,0.8055419921875,1432990927002.818,Drive
0.5609588623046875,0.043609619140625,0.6956939697265625,1432990927102.859,Drive
0.633087158203125,0.0303192138671875,0.7736053466796875,1432990927201.793,Drive
0.6241302490234375,0.0495147705078125,0.7615966796875,1432990927313.528,Drive
0.614715576171875,0.0662841796875,0.791656494140625,1432990927413.755,Drive
0.728240966796875,0.0167388916015625,0.875518798828125,1432990927593.516,Drive
0.6733551025390625,0.04583740234375,0.791046142578125,1432990927756.968,Drive
0.6829376220703125,0.0486602783203125,0.715911865234375,1432990927854.348,Drive
0.6815338134765625,0.0594329833984375,0.7363739013671875,1432990927963.691,Drive
0.673370361328125,-0.0113983154296875,0.80108642578125,1432990928065.639,Drive
0.626922607421875,0.0014190673828125,0.9281768798828125,1432990928174.576,Drive
0.619537353515625,0.0616455078125,0.7193756103515625,1432990928275.044,Drive
0.6528778076171875,0.0342864990234375,0.736846923828125,1432990928375.53,Drive
0.543121337890625,0.090118408203125,0.8125,1432990928477.107,Drive
0.6230316162109375,0.1219635009765625,0.73681640625,1432990928576.245,Drive
0.7851409912109375,0.0799102783203125,0.7258148193359375,1432990928687.217,Drive
0.6414642333984375,0.0522003173828125,0.686614990234375,1432990928787.21,Drive
0.62127685546875,0.0775909423828125,0.7907562255859375,1432990928887.376,Drive
0.7003326416015625,0.0463409423828125,0.807281494140625,1432990928986.341,Drive
0.7189178466796875,0.0382843017578125,0.809661865234375,1432990929096.694,Drive
0.6959228515625,0.0460662841796875,0.77001953125,1432990929195.712,Drive
0.653289794921875,0.059051513671875,0.8248138427734375,1432990929295.389,Drive
0.55902099609375,0.1142120361328125,0.5818634033203125,1432990929404.818,Drive
0.7480926513671875,0.0338134765625,0.812286376953125,1432990929551.821,Drive
0.5846405029296875,0.114501953125,0.9532012939453125,1432990929701.345,Drive
0.6246337890625,0.0263824462890625,0.8380126953125,1432990929836.002,Drive
0.67913818359375,0.05609130859375,0.779388427734375,1432990929946.638,Drive
0.7238922119140625,0.0106353759765625,0.92340087890625,1432990930047.473,Drive
0.637786865234375,0.051849365234375,0.8332977294921875,1432990930103.308,Drive
0.71466064453125,0.0038604736328125,0.89385986328125,1432990930301.633,Drive
0.5406951904296875,0.0896453857421875,0.853546142578125,1432990930412.671,Drive
0.53424072265625,0.11676025390625,0.7799072265625,1432990930524.653,Drive
0.5081634521484375,0.1200714111328125,0.7646484375,1432990930624.274,Drive
0.5498046875,0.084564208984375,0.749053955078125,1432990930724.87,Drive
0.5609588623046875,0.0660247802734375,0.7396240234375,1432990930827.417,Drive
0.6432037353515625,0.0653839111328125,0.7658538818359375,1432990930935.729,Drive
0.5880126953125,0.0928497314453125,0.7077789306640625,1432990931036.187,Drive
0.640869140625,0.0881805419921875,0.8410491943359375,1432990931135.473,Drive
0.75225830078125,0.057830810546875,0.8318328857421875,1432990931243.88,Drive
0.643157958984375,0.0738983154296875,0.7550506591796875,1432990931343.898,Drive
0.5137939453125,0.0242767333984375,0.8522491455078125,1432990931443.861,Drive
0.68133544921875,0.037689208984375,0.948760986328125,1432990931551.244,Drive
0.626556396484375,0.071380615234375,0.8476409912109375,1432990931651.445,Drive
0.7207489013671875,0.0204620361328125,0.8469696044921875,1432990931761.095,Drive
0.6609649658203125,0.0429534912109375,0.857330322265625,1432990931860.355,Drive
0.5591583251953125,0.0443267822265625,0.762176513671875,1432990931959.814,Drive
0.77484130859375,0.0119476318359375,0.8834075927734375,1432990932060.468,Drive
0.712982177734375,0.0027313232421875,0.874267578125,1432990932170.613,Drive
0.604736328125,0.03192138671875,0.8688507080078125,1432990932269.779,Drive
0.6546478271484375,0.06243896484375,0.785675048828125,1432990932370.705,Drive
0.7196197509765625,0.0207672119140625,0.7804107666015625,1432990932470.162,Drive
0.7696990966796875,0.0347442626953125,0.952667236328125,1432990932581.728,Drive
0.5705718994140625,0.09417724609375,0.704498291015625,1432990932682.137,Drive
0.6519775390625,0.08758544921875,0.807037353515625,1432990932782.237,Drive
0.7574462890625,0.0593109130859375,0.8006439208984375,1432990932882.788,Drive
0.6866912841796875,0.0290985107421875,0.6779327392578125,1432990932983.043,Drive
0.6737213134765625,0.06610107421875,0.8085784912109375,1432990933083.425,Drive
0.5334625244140625,0.1167755126953125,0.6840057373046875,1432990933194.132,Drive
0.6384124755859375,0.0850372314453125,0.8087310791015625,1432990933293.358,Drive
0.38934326171875,0.1233367919921875,0.6280364990234375,1432990933394.862,Drive
0.6200103759765625,0.063507080078125,1.001129150390625,1432990933495.206,Drive
0.62603759765625,0.1234283447265625,0.888519287109375,1432990933594.357,Drive
0.5699920654296875,0.13104248046875,0.85400390625,1432990933693.926,Drive
0.5591583251953125,0.1343841552734375,0.780364990234375,1432990933795.212,Drive
0.556060791015625,0.114044189453125,0.7471160888671875,1432990933906.708,Drive
0.63427734375,0.0535125732421875,0.798980712890625,1432990934005.879,Drive
0.462493896484375,0.1427764892578125,0.7312774658203125,1432990934117.644,Drive
0.5047454833984375,0.122314453125,0.8839569091796875,1432990934218.832,Drive
0.5089874267578125,0.17449951171875,0.852508544921875,1432990934317.941,Drive
0.55902099609375,0.07159423828125,0.8119354248046875,1432990934418.478,Drive
0.6270904541015625,0.11407470703125,0.8161773681640625,1432990934528.695,Drive
0.57586669921875,0.1121826171875,0.7984466552734375,1432990934629.082,Drive
0.5318450927734375,0.1011962890625,0.8435211181640625,1432990934729.418,Drive
0.5970306396484375,0.1015167236328125,0.83123779296875,1432990934831.408,Drive
0.559539794921875,0.1722259521484375,0.9308929443359375,1432990934930.586,Drive
0.7186431884765625,0.0788421630859375,0.8486480712890625,1432990935030.358,Drive
0.705322265625,0.0721893310546875,0.9168701171875,1432990935131.265,Drive
0.6240997314453125,0.0947113037109375,0.69195556640625,1432990935231.801,Drive
0.5694732666015625,0.0859222412109375,0.644805908203125,1432990935342.624,Drive
0.5891876220703125,0.0830841064453125,0.7861328125,1432990935442.979,Drive
0.727752685546875,0.018218994140625,0.83245849609375,1432990935543.019,Drive
0.5594635009765625,0.0784759521484375,0.9263916015625,1432990935642.138,Drive
0.6630096435546875,0.090789794921875,0.7720489501953125,1432990935753.479,Drive
0.6708221435546875,0.0397796630859375,0.8497161865234375,1432990935853.591,Drive
0.4777069091796875,0.09014892578125,0.7611846923828125,1432990935954.104,Drive
0.5021514892578125,0.066864013671875,0.783355712890625,1432990936054.362,Drive
0.6190643310546875,0.1004791259765625,0.77789306640625,1432990936165.321,Drive
0.640045166015625,0.02044677734375,0.8549957275390625,1432990936265.374,Drive
0.6143341064453125,0.069427490234375,0.81707763671875,1432990936366.569,Drive
0.6024627685546875,0.073638916015625,0.8285369873046875,1432990936466.724,Drive
0.5421600341796875,0.1052093505859375,0.7879638671875,1432990936566.17,Drive
0.5929718017578125,0.0267791748046875,0.8050384521484375,1432990936666.979,Drive
0.5731353759765625,0.0924530029296875,0.7339019775390625,1432990936767.276,Drive
0.62921142578125,0.0172271728515625,0.79412841796875,1432990936867.123,Drive
0.580322265625,0.05059814453125,0.769439697265625,1432990936978.729,Drive
0.5699005126953125,0.066619873046875,0.723175048828125,1432990937078.229,Drive
0.5897979736328125,0.0684661865234375,0.759796142578125,1432990937178.639,Drive
0.702880859375,-0.0169525146484375,0.696075439453125,1432990937289.754,Drive
0.750030517578125,0.051666259765625,0.7838897705078125,1432990937388.386,Drive
0.70941162109375,0.0317230224609375,0.801666259765625,1432990937487.909,Drive
0.6665496826171875,0.0563201904296875,0.77423095703125,1432990937599.144,Drive
0.7664947509765625,0.00628662109375,0.778564453125,1432990937698.959,Drive
0.7196197509765625,0.025604248046875,0.6903839111328125,1432990937798.277,Drive
0.638946533203125,0.037811279296875,0.677825927734375,1432990937897.991,Drive
0.6583709716796875,0.041290283203125,0.5911407470703125,1432990938030.329,Drive
0.79315185546875,0.0746917724609375,0.7954864501953125,1432990938130.202,Drive
0.8499603271484375,-0.041351318359375,0.6974029541015625,1432990938229.646,Drive
0.731292724609375,-0.026275634765625,0.68988037109375,1432990938334.839,Drive
0.786773681640625,0.02960205078125,0.6702880859375,1432990938428.606,Drive
0.74462890625,-0.0124969482421875,0.8535003662109375,1432990938538.337,Drive
0.6911773681640625,-0.01300048828125,0.776031494140625,1432990938638.884,Drive
0.714202880859375,0.06744384765625,0.750732421875,1432990938738.745,Drive
0.7232818603515625,0.0369720458984375,0.689422607421875,1432990938845.265,Drive
0.638702392578125,-0.0125885009765625,0.698577880859375,1432990938939.868,Drive
0.749664306640625,0.0158538818359375,0.550201416015625,1432990939050.862,Drive
0.6601715087890625,0.05157470703125,0.6664886474609375,1432990939151.029,Drive
0.685760498046875,0.0290679931640625,0.6739654541015625,1432990939251.321,Drive
0.700714111328125,0.0638885498046875,0.7485198974609375,1432990939361.476,Drive
0.8342742919921875,0.0152740478515625,0.7799835205078125,1432990939460.276,Drive
0.80828857421875,-0.0489501953125,0.702392578125,1432990939558.983,Drive
0.7888946533203125,0.0283050537109375,0.7388458251953125,1432990939659.561,Drive
0.785003662109375,0.0368804931640625,0.7250213623046875,1432990939759.442,Drive
0.7039031982421875,-0.0002593994140625,0.7459259033203125,1432990939870.268,Drive
0.7573394775390625,-0.0464935302734375,0.73553466796875,1432990939970.006,Drive
0.7826080322265625,-0.0330963134765625,0.7947235107421875,1432990940080.418,Drive
0.7496185302734375,-0.0143280029296875,0.6823883056640625,1432990940180.167,Drive
0.7236328125,-0.0177154541015625,0.6681671142578125,1432990940279.238,Drive
0.69219970703125,0.0266876220703125,0.54693603515625,1432990940378.651,Drive
0.75555419921875,0.0069122314453125,0.7196044921875,1432990940489.289,Drive
0.834014892578125,0.0419769287109375,0.6771240234375,1432990940588.8,Drive
0.775177001953125,0.02294921875,0.8383636474609375,1432990940688.479,Drive
0.7555999755859375,0.072723388671875,0.6107330322265625,1432990940799.839,Drive
0.8292236328125,0.0409698486328125,0.7563018798828125,1432990940898.436,Drive
0.7129058837890625,-0.002410888671875,0.647308349609375,1432990940998.825,Drive
0.7109222412109375,-0.007171630859375,0.7382659912109375,1432990941210.623,Drive
0.6490325927734375,0.0016632080078125,0.6233978271484375,1432990941310.143,Drive
0.5828399658203125,0.0660552978515625,0.6970367431640625,1432990941419.041,Drive
0.7687225341796875,0.0125885009765625,0.74530029296875,1432990941520.036,Drive
0.7612762451171875,0.0172119140625,0.7108917236328125,1432990941734.376,Drive
0.6509857177734375,0.055908203125,0.69659423828125,1432990941837.872,Drive
0.781158447265625,0.0397491455078125,0.7161102294921875,1432990941948.38,Drive
0.5892181396484375,0.047454833984375,0.7618255615234375,1432990942048.001,Drive
0.708892822265625,0.1395721435546875,0.5928192138671875,1432990942148.606,Drive
0.70947265625,0.0460968017578125,0.61376953125,1432990942249.048,Drive
0.6529693603515625,-0.0087738037109375,0.636260986328125,1432990942348.573,Drive
0.68939208984375,0.0536651611328125,0.656341552734375,1432990942459.618,Drive
0.7296142578125,0.0626220703125,0.6884918212890625,1432990942560.037,Drive
0.6796417236328125,-0.021331787109375,0.7787628173828125,1432990942659.442,Drive
0.75140380859375,0.006256103515625,0.7420501708984375,1432990942759.98,Drive
0.5933380126953125,0.13385009765625,0.5218505859375,1432990942870.49,Drive
0.6199188232421875,0.063201904296875,0.6851348876953125,1432990942969.102,Drive
0.75567626953125,0.0499267578125,0.72039794921875,1432990943070.128,Drive
0.829254150390625,-0.024627685546875,0.6959075927734375,1432990943171.22,Drive
0.772979736328125,0.0263214111328125,0.6934967041015625,1432990943278.029,Drive
0.7327423095703125,0.01171875,0.670196533203125,1432990943377.964,Drive
0.632293701171875,-0.0062255859375,0.654388427734375,1432990943478.48,Drive
0.693389892578125,-0.0393524169921875,0.63336181640625,1432990943577.452,Drive
0.7006683349609375,0.0134124755859375,0.67144775390625,1432990943687.645,Drive
0.69598388671875,0.001922607421875,0.755523681640625,1432990943787.976,Drive
0.6961669921875,0.014007568359375,0.7212371826171875,1432990943898.097,Drive
0.8261260986328125,0.0413360595703125,0.6896820068359375,1432990943998.241,Drive
0.6964263916015625,-0.0078582763671875,0.7340545654296875,1432990944096.78,Drive
0.649505615234375,-0.0110626220703125,0.6851043701171875,1432990944197.389,Drive
0.7680206298828125,-0.001708984375,0.746337890625,1432990944299.628,Drive
0.602294921875,0.048797607421875,0.639801025390625,1432990944409.678,Drive
0.8029327392578125,-0.001373291015625,0.6698150634765625,1432990944509.821,Drive
0.7999114990234375,-0.0078125,0.6863861083984375,1432990944610.425,Drive
0.7875823974609375,0.091949462890625,0.5037384033203125,1432990944745.132,Drive
0.7855224609375,0.0787811279296875,0.6152801513671875,1432990944840.014,Drive
0.7471923828125,0.048980712890625,0.70166015625,1432990944955.325,Drive
0.76947021484375,0.059814453125,0.688385009765625,1432990945050.721,Drive
0.7906494140625,0.0530242919921875,0.6321258544921875,1432990945150.438,Drive
0.7396240234375,0.0726318359375,0.566375732421875,1432990945262.253,Drive
0.701416015625,0.0990447998046875,0.6329498291015625,1432990945361.394,Drive
0.6805419921875,0.075592041015625,0.6316070556640625,1432990945465.675,Drive
0.6740570068359375,0.063262939453125,0.6256561279296875,1432990945560.566,Drive
0.793304443359375,0.086517333984375,0.924591064453125,1432990945671.162,Drive
0.766357421875,0.087493896484375,0.58056640625,1432990945771.121,Drive
0.7830810546875,0.0699920654296875,0.5917816162109375,1432990945871.033,Drive
0.6986846923828125,0.0172271728515625,0.666473388671875,1432990945975.16,Drive
0.761566162109375,0.04815673828125,0.557159423828125,1432990946081.428,Drive
0.7071075439453125,0.0710906982421875,0.52850341796875,1432990946180.529,Drive
0.9239044189453125,0.0468902587890625,0.704498291015625,1432990946280.841,Drive
0.8076171875,0.0108642578125,0.662017822265625,1432990946378.342,Drive
0.806427001953125,0.07586669921875,0.656829833984375,1432990946488.262,Drive
0.8088226318359375,0.0464019775390625,0.585601806640625,1432990946588.672,Drive
0.86944580078125,0.0577239990234375,0.6142578125,1432990946688.716,Drive
0.7391510009765625,-0.02166748046875,0.5961151123046875,1432990946786.992,Drive
0.8392181396484375,0.0050048828125,0.6275177001953125,1432990946887.633,Drive
0.7558135986328125,0.0706787109375,0.5970611572265625,1432990946999.079,Drive
0.785003662109375,0.0434722900390625,0.7142181396484375,1432990947099.967,Drive
0.7675018310546875,0.054351806640625,0.6179351806640625,1432990947200.294,Drive
0.7123565673828125,0.017822265625,0.660919189453125,1432990947302.753,Drive
0.779327392578125,0.025726318359375,0.64959716796875,1432990947400.456,Drive
0.7880401611328125,0.0605316162109375,0.515594482421875,1432990947510.52,Drive
0.76043701171875,0.065093994140625,0.6245574951171875,1432990947609.918,Drive
0.77130126953125,0.058380126953125,0.4575347900390625,1432990947709.626,Drive
0.856597900390625,0.0723419189453125,0.6109619140625,1432990947820.154,Drive
0.7905731201171875,0.082000732421875,0.755279541015625,1432990947920.674,Drive
0.58526611328125,0.0610504150390625,0.5836181640625,1432990948019.638,Drive
0.7101287841796875,0.045379638671875,0.64117431640625,1432990948120.391,Drive
0.7208404541015625,0.0356903076171875,0.6531982421875,1432990948219.201,Drive
0.747711181640625,0.0278472900390625,0.6929473876953125,1432990948330.38,Drive
0.919647216796875,-0.007171630859375,0.7398681640625,1432990948429.581,Drive
0.7903594970703125,0.074920654296875,0.62225341796875,1432990948538.515,Drive
0.6654815673828125,0.0033721923828125,0.545501708984375,1432990948697.569,Drive
0.7035369873046875,-0.009063720703125,0.6295318603515625,1432990948826.316,Drive
0.7906494140625,0.0050506591796875,0.7096405029296875,1432990948926.628,Drive
0.8413543701171875,0.1069488525390625,0.6907196044921875,1432990949031.169,Drive
0.6747894287109375,0.1884613037109375,0.5253448486328125,1432990949135.155,Drive
0.6679840087890625,0.0860443115234375,0.6890106201171875,1432990949235.634,Drive
0.6915283203125,0.1125946044921875,0.6267852783203125,1432990949336.234,Drive
0.8154754638671875,0.0452880859375,0.6806488037109375,1432990949436.646,Drive
0.863037109375,0.0967864990234375,0.6804656982421875,1432990949541.581,Drive
0.7495269775390625,0.1002044677734375,0.667236328125,1432990949647.644,Drive
0.68316650390625,0.1133880615234375,0.5933380126953125,1432990949748.06,Drive
0.705810546875,0.110626220703125,0.652557373046875,1432990949847.589,Drive
0.7650146484375,0.1364593505859375,0.69482421875,1432990949956.323,Drive
0.7648162841796875,0.1610870361328125,0.6712188720703125,1432990950054.667,Drive
0.607818603515625,0.08184814453125,0.612396240234375,1432990950198.747,Drive
0.750244140625,0.018829345703125,0.6578216552734375,1432990950304.678,Drive
0.6623382568359375,0.1170654296875,0.6241912841796875,1432990950402.953,Drive
0.8115386962890625,0.1421966552734375,0.610687255859375,1432990950512.039,Drive
0.679931640625,0.1173858642578125,0.69500732421875,1432990950611.743,Drive
0.5875244140625,0.0763092041015625,0.775360107421875,1432990950710.403,Drive
0.7281036376953125,0.1164703369140625,0.808563232421875,1432990950819.106,Drive
0.7383270263671875,0.1109619140625,0.85479736328125,1432990950919.824,Drive
0.8020477294921875,0.0169525146484375,0.874176025390625,1432990951020.218,Drive
0.7064971923828125,0.1138153076171875,0.5909271240234375,1432990951220.514,Drive
0.6858062744140625,0.1022796630859375,0.634552001953125,1432990951317.701,Drive
0.7303314208984375,0.06390380859375,0.626861572265625,1432990951417.202,Drive
0.629669189453125,0.077056884765625,0.6608428955078125,1432990951527.23,Drive
0.67193603515625,0.058746337890625,0.6471405029296875,1432990951637.646,Drive
0.760986328125,0.074554443359375,0.8045654296875,1432990951738.563,Drive
0.7801666259765625,0.011566162109375,0.76318359375,1432990951838.275,Drive
0.794586181640625,0.07818603515625,0.670257568359375,1432990951949.911,Drive
0.738006591796875,0.03558349609375,0.67901611328125,1432990952049.806,Drive
0.7134552001953125,0.0850067138671875,0.783905029296875,1432990952148.399,Drive
0.667633056640625,0.0788116455078125,0.7301177978515625,1432990952247.392,Drive
0.747467041015625,0.08343505859375,0.7044219970703125,1432990952356.398,Drive
0.5953369140625,0.0740814208984375,0.85577392578125,1432990952456.071,Drive
0.61944580078125,0.1059417724609375,0.6565704345703125,1432990952563.28,Drive
0.52569580078125,0.06927490234375,0.59991455078125,1432990952661.731,Drive
0.592742919921875,-0.0092926025390625,0.63885498046875,1432990952760.3,Drive
0.617431640625,0.02496337890625,0.872100830078125,1432990952869.681,Drive
0.562530517578125,0.0503082275390625,0.79547119140625,1432990952970.243,Drive
0.6587677001953125,0.099822998046875,0.7063751220703125,1432990953070.473,Drive
0.709564208984375,-0.01995849609375,0.7921142578125,1432990953168.812,Drive
0.5993499755859375,0.0777587890625,0.7580108642578125,1432990953279.339,Drive
0.595947265625,0.0315093994140625,0.7111663818359375,1432990953379.321,Drive
0.807373046875,0.0382232666015625,0.719635009765625,1432990953478.396,Drive
0.6527557373046875,0.0569610595703125,0.7103424072265625,1432990953588.087,Drive
0.6699676513671875,0.0984649658203125,0.5041046142578125,1432990953823.06,Drive
0.6593780517578125,0.1181182861328125,0.626068115234375,1432990954242.891,Drive
0.7580108642578125,0.10760498046875,0.7583770751953125,1432990954337.39,Drive
0.6066741943359375,0.1119842529296875,0.6591949462890625,1432990954448.131,Drive
0.68310546875,0.0786590576171875,0.6541595458984375,1432990954549.894,Drive
0.6708526611328125,-0.0041656494140625,0.7569580078125,1432990954647.66,Drive
0.764495849609375,0.0778961181640625,0.66961669921875,1432990954755.514,Drive
0.6980743408203125,0.0386199951171875,0.6047515869140625,1432990954853.149,Drive
0.6878814697265625,0.033447265625,0.73272705078125,1432990954953.752,Drive
0.776641845703125,0.0305938720703125,0.4626617431640625,1432990955063.506,Drive
0.7869110107421875,0.06292724609375,0.848236083984375,1432990955162.984,Drive
0.84625244140625,0.0166168212890625,0.7509002685546875,1432990955263.849,Drive
0.818603515625,0.0571441650390625,0.7246856689453125,1432990955373.618,Drive
0.68023681640625,0.0683441162109375,0.6688232421875,1432990955473.298,Drive
0.7772369384765625,0.0163421630859375,0.7572174072265625,1432990955571.747,Drive
0.6997222900390625,-0.000701904296875,0.6920318603515625,1432990955681.741,Drive
0.7534027099609375,0.01263427734375,0.8085784912109375,1432990955780.246,Drive
0.6768341064453125,0.0435333251953125,0.666900634765625,1432990955879.64,Drive
0.62689208984375,0.0856170654296875,0.5550689697265625,1432990955990.767,Drive
0.7871246337890625,-0.0120697021484375,0.7076568603515625,1432990956087.772,Drive
0.6733245849609375,-0.0101470947265625,0.6416015625,1432990956186.555,Drive
0.82232666015625,-0.0141448974609375,0.7710418701171875,1432990956296.287,Drive
0.6548004150390625,-0.0960845947265625,0.70416259765625,1432990956395.854,Drive
0.7774200439453125,-0.002777099609375,0.853179931640625,1432990956496.21,Drive
0.674407958984375,0.1161651611328125,0.75262451171875,1432990956595.248,Drive
0.7510986328125,-0.0283966064453125,0.903594970703125,1432990956705.946,Drive
0.6402587890625,0.005523681640625,0.7004852294921875,1432990956805.099,Drive
0.6484832763671875,0.0744476318359375,0.63385009765625,1432990956904.121,Drive
0.7092437744140625,0.10528564453125,0.6996002197265625,1432990957003.238,Drive
0.6952667236328125,-0.0224151611328125,0.6127777099609375,1432990957113.86,Drive
0.7654266357421875,0.028167724609375,0.6717987060546875,1432990957213.43,Drive
0.794647216796875,0.042388916015625,0.723236083984375,1432990957313.673,Drive
0.666595458984375,0.09393310546875,0.7104949951171875,1432990957413.041,Drive
0.7052001953125,0.0322418212890625,0.7487335205078125,1432990957521.873,Drive
0.6895904541015625,0.0627593994140625,0.706207275390625,1432990957623.268,Drive
0.6631011962890625,0.1398162841796875,0.6064910888671875,1432990957720.458,Drive
0.72296142578125,0.0363006591796875,0.717803955078125,1432990957830.11,Drive
0.7191009521484375,0.0694580078125,0.5835418701171875,1432990957930.435,Drive
0.649139404296875,0.0088043212890625,0.7632904052734375,1432990958029.255,Drive
0.7196044921875,0.0435028076171875,0.66387939453125,1432990958125.509,Drive
0.6128692626953125,0.0993194580078125,0.6486358642578125,1432990958235.788,Drive
0.865692138671875,0.0648193359375,0.834259033203125,1432990958333.621,Drive
0.8665771484375,0.038665771484375,0.8011322021484375,1432990958434.814,Drive
0.6687774658203125,-0.001220703125,0.760833740234375,1432990958535.408,Drive
0.8245391845703125,0.045501708984375,0.8148651123046875,1432990958647.751,Drive
0.6960601806640625,0.0161285400390625,0.6458892822265625,1432990958756.245,Drive
0.6464080810546875,0.03509521484375,0.708343505859375,1432990958855.405,Drive
0.6896820068359375,0.0421142578125,0.650543212890625,1432990958954.969,Drive
0.6654510498046875,0.036041259765625,0.6568756103515625,1432990959053.519,Drive
0.8296661376953125,0.0189361572265625,0.753448486328125,1432990959151.877,Drive
0.642364501953125,0.01849365234375,0.665252685546875,1432990959263.021,Drive
0.752288818359375,0.0496063232421875,0.67926025390625,1432990959362.696,Drive
0.6826934814453125,0.0369415283203125,0.594635009765625,1432990959462.511,Drive
0.6896514892578125,0.044036865234375,0.6505279541015625,1432990959562.38,Drive
0.67974853515625,0.022918701171875,0.6190948486328125,1432990959661.011,Drive
0.62628173828125,0.0251007080078125,0.621826171875,1432990959771.267,Drive
0.739837646484375,0.0307769775390625,0.776885986328125,1432990959869.749,Drive
0.6790924072265625,0.0037078857421875,0.70428466796875,1432990959969.267,Drive
0.6516571044921875,0.014892578125,0.707550048828125,1432990960079.1,Drive
0.577423095703125,0.0611419677734375,0.6705322265625,1432990960187.104,Drive
0.7528228759765625,-0.016693115234375,0.7402191162109375,1432990960285.21,Drive
0.6935272216796875,0.0183868408203125,0.77203369140625,1432990960385.252,Drive
0.6565399169921875,0.0306243896484375,0.7613983154296875,1432990960495.712,Drive
0.6522369384765625,0.0489501953125,0.76708984375,1432990960595.511,Drive
0.7696380615234375,0.052947998046875,0.7657012939453125,1432990960694.552,Drive
0.69512939453125,-0.022430419921875,0.704742431640625,1432990960805.204,Drive
0.6962738037109375,0.026031494140625,0.774017333984375,1432990960861.509,Drive
0.77117919921875,0.0364227294921875,0.744293212890625,1432990961047.331,Drive
0.6984100341796875,-0.0013427734375,0.7193756103515625,1432990961157.923,Drive
0.717193603515625,0.0401763916015625,0.7079010009765625,1432990961267.822,Drive
0.8168792724609375,-0.001190185546875,0.7199859619140625,1432990961388.65,Drive
0.660064697265625,0.0122833251953125,0.6578369140625,1432990961500.641,Drive
0.7241058349609375,0.1180267333984375,0.57366943359375,1432990961601.221,Drive
0.703826904296875,0.0054473876953125,0.7429656982421875,1432990961699.628,Drive
0.639892578125,0.0452117919921875,0.749237060546875,1432990961809.531,Drive
0.6276397705078125,0.053680419921875,0.705902099609375,1432990961908.275,Drive
0.7163543701171875,0.008056640625,0.74615478515625,1432990962006.764,Drive
0.7212677001953125,-0.0042877197265625,0.7629547119140625,1432990962107.459,Drive
0.66339111328125,-0.00787353515625,0.656036376953125,1432990962218.073,Drive
0.5966796875,0.0636749267578125,0.6807098388671875,1432990962329.882,Drive
0.7863922119140625,0.03570556640625,0.6115570068359375,1432990962429.237,Drive
0.7227020263671875,0.0462188720703125,0.5622100830078125,1432990962529.445,Drive
0.6988677978515625,0.016937255859375,0.7340087890625,1432990962629.553,Drive
0.886260986328125,0.04754638671875,0.6841278076171875,1432990962756.737,Drive
0.7615814208984375,0.0338592529296875,0.657989501953125,1432990962850.79,Drive
0.71746826171875,0.0127716064453125,0.6463775634765625,1432990962960.274,Drive
0.7649688720703125,0.0738983154296875,0.55712890625,1432990963058.709,Drive
0.7446441650390625,0.0222625732421875,0.795623779296875,1432990963170.932,Drive
0.6526641845703125,0.002593994140625,0.7242431640625,1432990963278.983,Drive
0.76055908203125,0.03179931640625,0.828216552734375,1432990963379.777,Drive
0.7664794921875,0.0326385498046875,0.73834228515625,1432990963490.703,Drive
0.7669219970703125,0.129058837890625,0.62835693359375,1432990963590.374,Drive
0.67926025390625,0.0493927001953125,0.7804107666015625,1432990963691.152,Drive
0.4267578125,0.011444091796875,0.521697998046875,1432990963792.635,Drive
0.6581573486328125,0.037841796875,0.533447265625,1432990963890.914,Drive
0.6259765625,-0.0009918212890625,0.6875,1432990963993.729,Drive
0.683349609375,0.0521087646484375,0.6767730712890625,1432990964091.569,Drive
0.76983642578125,0.127777099609375,0.7928009033203125,1432990964201.921,Drive
0.81121826171875,0.0626373291015625,0.68438720703125,1432990964301.114,Drive
0.62945556640625,0.053863525390625,0.6345062255859375,1432990964400.248,Drive
0.61041259765625,0.0229034423828125,0.651824951171875,1432990964500.693,Drive
0.643585205078125,0.0510711669921875,0.6749420166015625,1432990964611.68,Drive
0.691436767578125,0.0169677734375,0.6252288818359375,1432990964711.99,Drive
0.71710205078125,0.047760009765625,0.7029571533203125,1432990964812.212,Drive
0.6184844970703125,0.0457305908203125,0.752685546875,1432990964922.43,Drive
0.8667144775390625,0.0697479248046875,0.6610870361328125,1432990965022.04,Drive
0.713043212890625,0.04248046875,0.644195556640625,1432990965120.445,Drive
0.677490234375,-0.02001953125,0.7131500244140625,1432990965230.058,Drive
0.726959228515625,0.0022430419921875,0.7620697021484375,1432990965328.622,Drive
0.761383056640625,-0.0184783935546875,0.6787567138671875,1432990965430.377,Drive
0.7554168701171875,0.0275726318359375,0.7782135009765625,1432990965540.25,Drive
0.665618896484375,-0.0120391845703125,0.720672607421875,1432990965641.137,Drive
0.66015625,0.0609893798828125,0.652740478515625,1432990965741.301,Drive
0.6543426513671875,0.0085906982421875,0.6567535400390625,1432990965840.375,Drive
0.7626190185546875,0.0204620361328125,0.753936767578125,1432990965950.888,Drive
0.69561767578125,0.0474090576171875,0.7132568359375,1432990966051.537,Drive
0.677001953125,0.082794189453125,0.671600341796875,1432990966152.513,Drive
0.6191253662109375,0.088348388671875,0.7114410400390625,1432990966252.583,Drive
0.7238922119140625,-0.0002288818359375,0.6984100341796875,1432990966351.688,Drive
0.7153167724609375,0.071990966796875,0.7311859130859375,1432990966461.947,Drive
0.80889892578125,0.0741424560546875,0.7772369384765625,1432990966562.232,Drive
0.6982421875,0.037078857421875,0.8336944580078125,1432990966662.39,Drive
0.681549072265625,0.0791778564453125,0.702056884765625,1432990966773.119,Drive
0.651031494140625,0.0652923583984375,0.6779632568359375,1432990966872.873,Drive
0.6955413818359375,0.043701171875,0.7259979248046875,1432990966972.737,Drive
0.5821533203125,0.0697479248046875,0.586456298828125,1432990967072.458,Drive
0.75323486328125,0.0935516357421875,0.77398681640625,1432990967182.134,Drive
0.74822998046875,0.04876708984375,0.777984619140625,1432990967280.539,Drive
0.7485198974609375,0.011962890625,0.730194091796875,1432990967389.746,Drive
0.7843170166015625,0.03826904296875,0.860992431640625,1432990967490.813,Drive
0.7437286376953125,0.0814971923828125,0.6955718994140625,1432990967590.039,Drive
0.6766510009765625,0.01373291015625,0.6493988037109375,1432990967701.487,Drive
0.57501220703125,0.0522918701171875,0.64117431640625,1432990967801.07,Drive
0.65118408203125,0.0913848876953125,0.70623779296875,1432990967900.921,Drive
0.597198486328125,0.0171356201171875,0.71221923828125,1432990968000.881,Drive
0.7105255126953125,0.0410003662109375,0.7762298583984375,1432990968101.786,Drive
0.738067626953125,0.06158447265625,0.7933502197265625,1432990968212.066,Drive
0.676849365234375,0.0980987548828125,0.5776214599609375,1432990968321.802,Drive
0.784698486328125,0.0285491943359375,0.8453826904296875,1432990968422.593,Drive
0.66900634765625,-0.0014190673828125,0.74224853515625,1432990968522.268,Drive
0.6980133056640625,0.0385284423828125,0.689849853515625,1432990968622.185,Drive
0.86761474609375,-0.0131378173828125,0.879638671875,1432990968733.435,Drive
0.7371368408203125,0.0598297119140625,0.7121429443359375,1432990968833.454,Drive
0.589569091796875,0.0352020263671875,0.5906829833984375,1432990968933.678,Drive
0.595947265625,0.0841827392578125,0.6268157958984375,1432990969035.002,Drive
0.7206878662109375,0.038665771484375,0.6619720458984375,1432990969144.822,Drive
0.7926025390625,0.0648040771484375,0.856170654296875,1432990969243.599,Drive
0.703643798828125,0.0289764404296875,0.8015594482421875,1432990969366.684,Drive
0.7866973876953125,0.01568603515625,0.617523193359375,1432990969461.613,Drive
0.7947235107421875,0.0443115234375,0.6312713623046875,1432990969573.544,Drive
0.7952880859375,0.07098388671875,0.62237548828125,1432990969672.638,Drive
0.791473388671875,0.040771484375,0.746673583984375,1432990969773.116,Drive
0.66424560546875,0.104827880859375,0.6477508544921875,1432990969883.823,Drive
0.670135498046875,0.0999298095703125,0.6498870849609375,1432990969985.456,Drive
0.7093505859375,0.0488739013671875,0.700836181640625,1432990970094.116,Drive
0.7292633056640625,0.0488128662109375,0.7394256591796875,1432990970192.742,Drive
0.6780548095703125,0.0704498291015625,0.684417724609375,1432990970292.451,Drive
0.6861419677734375,0.0634307861328125,0.668975830078125,1432990970402.377,Drive
0.6991729736328125,0.124481201171875,0.778564453125,1432990970502.018,Drive
0.682647705078125,0.0754241943359375,0.617950439453125,1432990970624.307,Drive
0.6397552490234375,0.0474853515625,0.595611572265625,1432990970718.511,Drive
0.5775299072265625,0.0679168701171875,0.489501953125,1432990970827.99,Drive
0.7323150634765625,0.084381103515625,0.67083740234375,1432990970927.233,Drive
0.7773895263671875,0.0952606201171875,0.6189422607421875,1432990971028.119,Drive
0.80828857421875,0.1123046875,0.76727294921875,1432990971130.139,Drive
0.541229248046875,0.0709075927734375,0.5151214599609375,1432990971227.855,Drive
0.4503326416015625,0.0678253173828125,0.571868896484375,1432990971336.788,Drive
0.7637176513671875,0.0401458740234375,0.7147674560546875,1432990971436.613,Drive
0.7008056640625,0.093780517578125,0.772857666015625,1432990971534.843,Drive
0.833404541015625,0.0321502685546875,0.744659423828125,1432990971724.472,Drive
0.8930816650390625,0.09429931640625,0.68994140625,1432990971822.607,Drive
0.69378662109375,0.094268798828125,0.7100677490234375,1432990971919.195,Drive
0.6364288330078125,0.085693359375,0.4887542724609375,1432990972029.471,Drive
0.686279296875,0.0970458984375,0.6844635009765625,1432990972131.071,Drive
0.6219329833984375,0.104339599609375,0.693817138671875,1432990972231.908,Drive
0.727752685546875,0.0849151611328125,0.807708740234375,1432990972340.803,Drive
0.7163238525390625,0.0634765625,0.7429962158203125,1432990972440.247,Drive
0.752593994140625,0.0970458984375,0.7397308349609375,1432990972539.148,Drive
0.6069488525390625,0.105987548828125,0.7267303466796875,1432990972650.982,Drive
0.5988616943359375,0.1234893798828125,0.644317626953125,1432990972747.157,Drive
0.6862030029296875,0.071685791015625,0.7305450439453125,1432990972855.663,Drive
0.5793304443359375,0.1190338134765625,0.8219757080078125,1432990972955.804,Drive
0.6654052734375,0.104644775390625,0.63214111328125,1432990973055.883,Drive
0.672607421875,0.0765533447265625,0.803619384765625,1432990973156.338,Drive
0.6820068359375,0.091033935546875,0.646240234375,1432990973266.553,Drive
0.6817474365234375,0.0816802978515625,0.7627105712890625,1432990973365.481,Drive
0.6563568115234375,0.085357666015625,0.688751220703125,1432990973463.708,Drive
0.731292724609375,0.086212158203125,0.7539825439453125,1432990973573.324,Drive
0.7931671142578125,0.0445556640625,0.840606689453125,1432990973671.818,Drive
0.7687225341796875,0.07440185546875,0.8066864013671875,1432990973772.424,Drive
0.7020111083984375,0.081329345703125,0.7729339599609375,1432990973882.475,Drive
0.6779327392578125,0.0986328125,0.728302001953125,1432990973980.985,Drive
0.7232818603515625,0.0755615234375,0.62860107421875,1432990974081.992,Drive
0.6816558837890625,0.149383544921875,0.74383544921875,1432990974180.642,Drive
0.7433013916015625,0.1044464111328125,0.694488525390625,1432990974281.118,Drive
0.5503082275390625,0.123779296875,0.5630340576171875,1432990974390.462,Drive
0.67254638671875,0.11346435546875,0.6694183349609375,1432990974490.436,Drive
0.7937469482421875,0.07525634765625,0.66339111328125,1432990974589.068,Drive
0.669097900390625,0.115997314453125,0.6292266845703125,1432990974697.807,Drive
0.7306976318359375,0.1103668212890625,0.6834259033203125,1432990974797.347,Drive
0.6438751220703125,0.1201629638671875,0.701080322265625,1432990974906.614,Drive
0.8032379150390625,0.08636474609375,0.7437896728515625,1432990975005.123,Drive
0.698638916015625,0.089447021484375,0.7180328369140625,1432990975105.634,Drive
0.8575286865234375,0.06439208984375,0.86737060546875,1432990975214.845,Drive
0.6643829345703125,0.091400146484375,0.7378387451171875,1432990975315.854,Drive
0.752777099609375,0.1327972412109375,0.587921142578125,1432990975416.063,Drive
0.7248077392578125,0.10113525390625,0.7038726806640625,1432990975526.071,Drive
0.7291717529296875,0.127777099609375,0.700927734375,1432990975623.321,Drive
0.79974365234375,0.1200103759765625,0.6584625244140625,1432990975731.732,Drive
0.7568206787109375,0.1098480224609375,0.691802978515625,1432990975833.115,Drive
0.775238037109375,0.0869903564453125,0.649261474609375,1432990975931.649,Drive
0.7914276123046875,0.097259521484375,0.66033935546875,1432990976042.152,Drive
0.8523101806640625,0.0859222412109375,0.6205902099609375,1432990976140.792,Drive
0.7877655029296875,0.0408477783203125,0.6516876220703125,1432990976240.704,Drive
0.6602935791015625,0.0569610595703125,0.7281036376953125,1432990976341.546,Drive
0.7769317626953125,0.0761566162109375,0.5260772705078125,1432990976451.715,Drive
0.7996826171875,0.0759735107421875,0.6527862548828125,1432990976551.884,Drive
0.817718505859375,0.1446075439453125,0.578521728515625,1432990976660.738,Drive
0.79168701171875,0.097991943359375,0.6378326416015625,1432990976759.602,Drive
0.7164154052734375,0.013153076171875,0.4927520751953125,1432990976868.602,Drive
0.8358154296875,0.110595703125,0.661224365234375,1432990976987.266,Drive
0.8314208984375,0.1104736328125,0.543731689453125,1432990977088.754,Drive
0.831329345703125,0.0859222412109375,0.6690673828125,1432990977188.913,Drive
0.7600250244140625,0.09649658203125,0.6078033447265625,1432990977288.072,Drive
0.7303619384765625,0.0723419189453125,0.6101837158203125,1432990977397.385,Drive
0.647186279296875,0.0889892578125,0.556488037109375,1432990977496.308,Drive
0.780181884765625,0.0785064697265625,0.5750579833984375,1432990977607.04,Drive
0.751495361328125,0.090728759765625,0.6800384521484375,1432990977706.336,Drive
0.9058380126953125,0.1154022216796875,0.7253265380859375,1432990977815.958,Drive
0.863800048828125,0.11981201171875,0.4994049072265625,1432990977915.504,Drive
0.743408203125,0.0933380126953125,0.541900634765625,1432990978015.124,Drive
0.841766357421875,0.05810546875,0.4942779541015625,1432990978112.023,Drive
0.9272613525390625,0.1433563232421875,0.5124053955078125,1432990978222.8,Drive
0.938751220703125,0.1000823974609375,0.5147857666015625,1432990978323.886,Drive
0.947052001953125,0.147979736328125,0.6380462646484375,1432990978423.949,Drive
0.9139404296875,0.116790771484375,0.6932220458984375,1432990978522.897,Drive
0.8586578369140625,0.067626953125,0.5269012451171875,1432990978634.003,Drive
0.9176177978515625,0.0458221435546875,0.5830535888671875,1432990978732.593,Drive
0.741241455078125,0.0786590576171875,0.5027923583984375,1432990978842.362,Drive
0.8320465087890625,0.0554962158203125,0.4980010986328125,1432990978950.569,Drive
0.9516754150390625,0.0686492919921875,0.460418701171875,1432990979049.832,Drive
0.8954010009765625,0.05670166015625,0.4768829345703125,1432990979149.926,Drive
0.8546142578125,-0.000579833984375,0.4869842529296875,1432990979260.468,Drive
0.9717559814453125,0.011199951171875,0.4972991943359375,1432990979360.483,Drive
0.87548828125,0.00970458984375,0.5108795166015625,1432990979469.289,Drive
0.8809356689453125,0.0801849365234375,0.5909271240234375,1432990979567.873,Drive
0.9740447998046875,0.0155487060546875,0.46112060546875,1432990979667.84,Drive
0.975616455078125,0.0307464599609375,0.54718017578125,1432990979777.891,Drive
0.95343017578125,0.057342529296875,0.5739898681640625,1432990979876.357,Drive
